1 6 15 19 20 44 68 89 92 95 106 112 121 130 134 138 155 156 163 177 181 204 210 228 235 242 245 253 256 265 279 300 307 315 316 336 338 351 353 354 386 402 419 420 423 428 441 469 485 487 495 500 508 526 531 556 561 566 572 580 603 629 631 633 636 639 655 686 716 757 764 775 790 801 814 821 833 861 869 879 918 924 944 957 963 966 993 1000 1004 1020 1037 1039 1042 1046 1071 1100 1128 1139 1141 1151 1152 1165 1192 1203 1221 1234 1247 1284 1320 1342 1343 1344 1347 1348 1363 1364 1366 1374 1390 1396 1401 1420 1422 1433 1441 1451 1460 1473 1509 1515 1524 1531 1533 1541 1581 1585 1591 
0 9 33 66 67 72 98 113 161 167 180 199 200 223 249 257 264 292 298 303 309 313 325 332 341 345 362 379 399 409 442 452 462 473 475 483 484 492 494 513 520 532 548 558 564 574 575 585 588 601 618 634 650 675 685 703 713 714 719 734 744 746 755 785 787 835 841 856 860 868 870 888 892 900 906 910 914 932 937 952 964 970 985 988 1024 1031 1032 1052 1064 1085 1104 1112 1113 1122 1131 1161 1181 1187 1205 1209 1228 1240 1260 1263 1270 1289 1294 1311 1321 1322 1333 1353 1355 1357 1359 1373 1386 1388 1391 1395 1406 1419 1426 1462 1469 1474 1490 1495 1519 1523 1554 1565 1584 
17 24 27 35 39 40 64 65 76 79 86 142 143 172 187 197 219 224 226 236 260 266 268 275 299 302 318 323 335 343 350 358 367 375 376 388 396 401 449 458 461 465 471 472 480 505 509 544 591 597 612 616 619 623 637 671 689 694 712 731 736 766 767 776 781 809 811 817 820 838 867 903 913 930 935 940 948 953 987 991 996 998 1001 1009 1023 1041 1043 1061 1068 1078 1082 1087 1091 1098 1108 1127 1129 1133 1142 1153 1155 1166 1171 1175 1194 1201 1242 1246 1266 1268 1281 1283 1291 1293 1298 1326 1336 1337 1358 1382 1397 1435 1454 1459 1501 1504 1507 1530 1537 1551 1555 1596 
18 51 81 90 100 101 102 105 116 152 154 162 178 182 183 184 186 189 198 203 227 229 238 240 255 285 295 306 322 328 349 361 384 394 395 403 418 425 460 476 497 499 518 527 538 546 547 549 563 568 570 596 615 620 648 662 665 677 683 690 708 730 732 747 750 827 830 844 851 852 858 862 878 887 890 896 911 915 984 994 1005 1008 1010 1033 1044 1065 1069 1092 1093 1101 1106 1130 1136 1169 1177 1178 1184 1189 1218 1237 1243 1253 1258 1295 1296 1299 1301 1304 1339 1340 1345 1352 1383 1384 1421 1434 1438 1452 1453 1477 1485 1486 1499 1508 1526 1557 1566 1573 1578 1595 
12 32 47 59 70 75 84 128 133 173 174 205 215 221 247 248 254 258 259 271 273 278 290 305 310 320 337 355 360 364 366 393 407 429 446 457 466 490 496 515 522 542 550 577 582 587 593 594 640 649 654 657 664 668 682 698 699 723 738 739 760 765 774 793 797 800 819 832 854 857 871 880 894 916 917 920 922 939 946 950 958 962 978 981 1006 1016 1063 1074 1075 1079 1088 1143 1144 1150 1167 1185 1191 1204 1215 1250 1254 1282 1306 1307 1324 1365 1369 1378 1400 1409 1412 1427 1428 1431 1442 1448 1458 1461 1468 1481 1482 1498 1522 1544 1564 1575 1583 1593 
2 26 31 38 80 85 111 117 129 141 144 145 148 151 157 195 212 214 234 244 348 352 365 406 433 450 454 456 477 478 511 534 535 536 540 571 583 584 586 589 598 605 607 613 614 617 624 663 673 691 693 704 709 717 727 729 740 753 777 794 818 824 825 836 863 864 893 909 929 933 976 980 982 995 1012 1029 1038 1048 1056 1062 1070 1072 1073 1103 1116 1117 1118 1146 1162 1164 1168 1170 1210 1227 1244 1264 1272 1309 1330 1332 1351 1372 1398 1410 1430 1449 1463 1464 1472 1491 1496 1518 1520 1525 1534 1540 1545 1549 1574 1577 1587 1589 
5 29 36 46 54 56 61 87 93 131 146 165 185 188 211 217 218 225 233 239 262 270 280 284 287 289 324 380 390 421 430 463 517 525 530 567 569 578 625 643 651 653 684 688 695 696 702 751 754 779 784 791 792 823 847 853 877 884 907 934 951 954 956 969 973 974 979 1003 1017 1049 1053 1105 1138 1140 1180 1202 1223 1225 1229 1232 1245 1252 1286 1300 1303 1313 1316 1334 1346 1349 1381 1389 1392 1408 1411 1417 1440 1444 1455 1467 1476 1483 1492 1497 1500 1543 1553 1563 1569 1571 1579 1580 1594 1597 1598 
8 14 28 62 63 77 107 109 124 139 166 179 192 193 213 216 230 241 243 246 250 251 261 293 297 329 342 344 369 371 387 417 437 438 440 468 479 498 521 539 551 552 565 611 622 627 630 632 646 647 692 700 707 726 737 743 745 752 772 795 806 826 829 846 873 874 905 908 921 925 931 955 989 999 1026 1047 1055 1089 1097 1102 1109 1158 1159 1235 1261 1262 1274 1275 1276 1285 1292 1315 1323 1331 1362 1368 1375 1376 1387 1423 1425 1429 1511 1516 1539 1556 1588 1592 
3 13 48 69 71 73 82 88 110 140 159 160 194 202 206 272 301 383 413 447 455 486 503 510 553 581 656 676 710 715 742 769 796 805 828 831 850 859 885 919 997 1018 1077 1086 1123 1125 1135 1145 1193 1200 1213 1214 1220 1231 1239 1256 1278 1302 1305 1308 1328 1354 1360 1371 1377 1385 1394 1407 1432 1503 1506 1512 1559 1560 1568 
4 34 123 132 171 176 196 232 263 269 363 372 432 537 555 559 590 604 706 718 762 773 778 799 808 822 839 840 845 876 882 927 938 945 959 967 983 992 1025 1050 1054 1059 1066 1067 1094 1099 1115 1120 1172 1179 1183 1216 1238 1255 1341 1414 1479 1488 1521 1528 1558 1590 
25 43 53 58 114 169 208 281 326 331 334 373 398 410 414 415 443 444 576 579 669 670 674 678 720 749 789 865 898 943 947 949 1007 1022 1027 1107 1147 1160 1188 1211 1230 1259 1265 1267 1277 1327 1338 1370 1416 1439 1443 1456 1475 1478 1505 1546 1550 1552 1572 
23 55 78 103 207 308 314 319 346 356 359 381 397 448 482 519 529 541 543 545 562 659 679 687 701 722 783 816 849 875 886 902 928 961 1015 1076 1080 1083 1090 1119 1121 1132 1173 1197 1208 1226 1233 1248 1251 1319 1415 1437 1480 1510 1513 1517 1538 1561 
11 104 127 175 191 237 389 404 411 422 435 439 453 459 467 488 506 516 524 557 573 635 666 672 711 735 782 803 810 813 891 901 1021 1045 1114 1156 1196 1206 1224 1271 1273 1290 1310 1312 1325 1424 1465 1493 1494 1532 1535 1548 
10 16 30 37 41 50 115 126 136 137 150 201 220 274 333 374 378 412 416 424 474 481 504 595 599 608 638 641 652 658 728 758 786 788 872 881 895 1019 1028 1096 1110 1124 1174 1280 1288 1318 1484 1599 
21 91 94 108 122 158 170 209 327 426 445 512 592 733 770 842 848 866 965 971 1011 1030 1034 1035 1111 1182 1199 1207 1241 1335 1350 1379 1418 1470 1487 1582 
22 83 135 147 153 222 311 370 377 382 400 451 528 533 602 621 660 680 681 815 834 912 941 986 990 1212 1279 1287 1402 1404 1527 
125 190 304 312 347 436 470 491 523 554 600 721 759 807 926 936 968 977 1040 1057 1058 1149 1176 1314 1356 1361 1489 1529 1562 1570 1586 
52 277 291 296 317 339 626 642 724 763 897 972 1002 1051 1060 1084 1134 1154 1163 1190 1329 1367 1380 1547 1567 
45 60 97 231 288 502 610 645 667 705 741 748 771 837 843 889 1137 1217 1222 1236 1297 1447 1514 
42 49 57 96 99 276 321 514 560 697 761 804 812 975 1013 1198 1219 1257 1317 1405 1413 1457 
7 74 149 340 368 391 507 942 960 1014 1036 1436 1446 1471 
120 286 357 427 434 489 501 855 899 1399 1403 1502 1536 
119 164 431 464 628 644 756 798 802 923 1445 
267 493 661 725 1148 1157 1195 1576 
294 330 392 780 1186 1269 1450 1542 
283 385 408 609 904 1393 
118 252 
168 1126 
405 883 
768 1081 
1249 1466 
282 
606 
1095 
